 boucle de contrôle
  fin de lecture des différents fichiers
  Inversion de la matrice hessienne
 impression de la matrice copiée
  0.10613334789232000       1.04083408558609997E-017 -1.42326805394750004E-002  2.84779898134650006E-003  6.94321998149639967E-020 -1.71379105561520004E-003 -4.33221488939539989E-002 -3.15639985679759995E-018 -8.22720342425790029E-003 -6.43502105637009936E-002 -3.54487319663330002E-018  6.45591267535599971E-003  6.11861371443719968E-003 -7.26964765215390050E-004 -4.63053674370740023E-004  6.11861371443719968E-003  7.26964765215390050E-004 -4.63053674370740023E-004 -1.44462981132700008E-002 -1.66269522987519992E-002  5.27743384392879988E-003 -1.44462981132700008E-002  1.66269522987519992E-002  5.27743384392879988E-003  4.02712578289490027E-003  4.84159095638499962E-003  6.65855544868210018E-003  4.02712578289490027E-003 -4.84159095638499962E-003  6.65855544868210018E-003  3.64616490793059998E-003  1.02491791102339996E-002 -2.61405444624420022E-003  3.64616490793059998E-003 -1.02491791102339996E-002 -2.61405444624420022E-003
  8.45677694538690069E-018  9.29444417638760068E-002  1.02999206386119994E-018  5.42101086242749990E-020 -1.18612570591409994E-002 -1.20617491689009999E-018 -1.99222149194210015E-018 -6.16407881285509981E-002  7.99599102208060002E-019 -4.83825219471659974E-018  9.62251735705040023E-003 -3.44234189764150007E-018 -4.31258783592159984E-003  1.15892706327579992E-002  3.36584705646149991E-003  4.31258783592159984E-003  1.15892706327579992E-002 -3.36584705646149991E-003 -9.37078823757380060E-003 -1.46502906090920006E-002  7.08427730372730019E-003  9.37078823757369998E-003 -1.46502906090920006E-002 -7.08427730372730019E-003  5.96879979639960024E-003 -1.48589700610650004E-004  6.04803314891639958E-003 -5.96879979639960024E-003 -1.48589700610660006E-004 -6.04803314891639958E-003 -1.52834818576260008E-003 -1.13228472896729996E-002 -2.64906846564150027E-004  1.52834818576260008E-003 -1.13228472896729996E-002  2.64906846564150027E-004
 -1.34050917469460008E-002 -1.73472347597679997E-018  0.10460908196353000      -1.59549463974519999E-003 -1.16557961018359995E-018 -1.74399176523559983E-002  1.12583589935139998E-002  2.01673817410860000E-018  2.16778466604290003E-002 -1.42023675893060003E-002 -4.68233967592580035E-018 -6.22665114409389972E-002  3.14380740282120021E-003 -2.50722331006009982E-003  2.26525377012429989E-003  3.14380740282120021E-003  2.50722331006009982E-003  2.26525377012429989E-003  7.14182239248530026E-003  1.02612739379080008E-002 -1.07676920072560002E-002  7.14182239248530026E-003 -1.02612739379080008E-002 -1.07676920072560002E-002 -3.93242612531839991E-003 -1.80276747691019996E-003 -1.00227496374970006E-002 -3.93242612531839991E-003  1.80276747691019996E-003 -1.00227496374970006E-002  2.61909382125369988E-003  1.13348534187240006E-002 -4.76506189070260034E-003  2.61909382125369988E-003 -1.13348534187240006E-002 -4.76506189070260034E-003
  2.50459750442220009E-003  2.60208521396519986E-018 -9.47551071757879947E-004  0.11038878244702000       6.00566961866729962E-018 -1.23178576138890002E-002 -6.43984916473969993E-002 -3.61556811547649964E-018  6.46626826241190021E-003 -4.33879396321429980E-002 -3.04188078460959986E-018 -7.88033783086479998E-003 -1.57529259061159992E-002 -1.74057438643530002E-002  4.53271431295709966E-003 -1.57529259061159992E-002  1.74057438643530002E-002  4.53271431295709966E-003  6.05970902612210007E-003 -8.75983082509469951E-004 -6.26787335882269983E-004  6.05970902612210007E-003  8.75983082509469951E-004 -6.26787335882269983E-004  2.61836545560299987E-003  1.03531250882879997E-002 -3.28254551333229984E-003  2.61836545560299987E-003 -1.03531250882879997E-002 -3.28254551333229984E-003  4.52137708843909983E-003  5.24860337522680027E-003  6.71635766330710027E-003  4.52137708843909983E-003 -5.24860337522680027E-003  6.71635766330710027E-003
   0.0000000000000000      -1.18591821765309993E-002 -5.20417042793039971E-018  6.00566961866729962E-018  9.08857600256759990E-002  5.89547978745779996E-018 -4.78029288190139981E-018  9.15292107261879949E-003 -3.39084372705789987E-018 -1.97415902684500001E-018 -6.04316171919710016E-002  8.81033976984780035E-019 -9.66964265597720050E-003 -1.54173634834599994E-002  6.12075699978950009E-003  9.66964265597720050E-003 -1.54173634834599994E-002 -6.12075699978950009E-003 -4.58713877148449970E-003  1.22255616844400006E-002  3.98264011717100030E-003  4.58713877148449970E-003  1.22255616844400006E-002 -3.98264011717100030E-003 -1.03800605205409992E-003 -1.11082500160549994E-002  3.10590316178350001E-005  1.03800605205409992E-003 -1.11082500160549994E-002 -3.10590316178360030E-005  6.26925936093010016E-003  4.26110950178319975E-004  6.51824958560319988E-003 -6.26925936093000041E-003  4.26110950178319975E-004 -6.51824958560319988E-003
 -1.20968870365319994E-003 -4.77048955893620025E-018 -1.92831278191160013E-002 -1.23178576138890002E-002  5.89547978745779996E-018  0.10839485653173001      -1.38821685916089999E-002 -4.78063948093239971E-018 -6.20821198173810013E-002  1.09397301552049998E-002  2.14676612655520016E-018  2.20218494671929992E-002  7.55219092682550032E-003  1.08483658806869995E-002 -1.02985802877290002E-002  7.55219092682550032E-003 -1.08483658806869995E-002 -1.02985802877290002E-002  3.11106999227020019E-003 -2.73463640117669986E-003  1.94099848860149996E-003  3.11106999227020019E-003  2.73463640117669986E-003  1.94099848860149996E-003  1.78588341321819994E-003  1.14841969846819995E-002 -5.97774089473759960E-003  1.78588341321819994E-003 -1.14841969846819995E-002 -5.97774089473759960E-003 -4.21415195534130017E-003 -2.10409777585190017E-003 -1.01904064873450002E-002 -4.21415195534130017E-003  2.10409777585190017E-003 -1.01904064873450002E-002
 -3.21891919794390011E-002  3.46944695195359994E-018  1.21370685463599998E-002 -6.43984916473969993E-002 -4.78029288190139981E-018 -1.38821685916089999E-002  0.49894964967709998       3.38679642245500003E-017  5.41845094715130010E-002  0.14073242019647000       6.72274230898399987E-018 -3.26625998134500023E-002 -6.95385767775970054E-002  5.52505132644129978E-003  4.18238972438490023E-002 -6.95385767775970054E-002 -5.52505132644129978E-003  4.18238972438490023E-002 -3.37506648841029988E-002  1.54671876202070006E-002  3.25905933649480034E-002 -3.37506648841029988E-002 -1.54671876202070006E-002  3.25905933649480034E-002 -0.15135079490577000      -0.11940805475629999      -7.98579094003619983E-002 -0.15135079490577000       0.11940805475629999      -7.98579094003619983E-002 -1.69071565558949997E-002 -7.10248593189110027E-003 -4.44498601484229986E-003 -1.69071565558949997E-002  7.10248593189110027E-003 -4.44498601484229986E-003
 -3.46944695195359994E-018 -3.84693891058510012E-002  2.42861286636750004E-017 -3.61556811547649964E-018  9.15292107261879949E-003 -4.78063948093239971E-018  3.38679642245500003E-017  0.49631207279835998       3.43121232770660018E-017  6.50589879588710018E-018 -7.15569687175599961E-002 -1.26866564782930001E-017  3.00887017184660009E-002 -5.50439533276999987E-002 -5.29657628295159971E-002 -3.00887017184660009E-002 -5.50439533276999987E-002  5.29657628295159971E-002 -2.14003925628270010E-002 -3.29743100337320030E-002  9.90828473162939927E-003  2.14003925628270010E-002 -3.29743100337320030E-002 -9.90828473162939927E-003 -0.11137686419221000      -0.13996597015458001      -6.32611484684160036E-002  0.11137686419221000      -0.13996597015458001       6.32611484684160036E-002  1.01317362549649993E-002  3.02649154922290005E-002  1.16750214599740006E-002 -1.01317362549649993E-002  3.02649154922290005E-002 -1.16750214599740006E-002
 -8.94887525305169962E-003  3.81639164714900026E-017  2.91082360627889988E-002  6.46626826241190021E-003 -3.39084372705789987E-018 -6.20821198173810013E-002  5.41845094715130010E-002  3.43121232770660018E-017  0.51057547169441997      -3.26623201476900007E-002 -1.24697921576129996E-017 -0.17281480120480999       6.65786164507549960E-002 -1.13165646389340006E-002 -9.11904437643550059E-002  6.65786164507549960E-002  1.13165646389340006E-002 -9.11904437643550059E-002 -1.31595375978539996E-002  4.03287069052670009E-003 -1.82199698656869999E-003 -1.31595375978539996E-002 -4.03287069052670009E-003 -1.82199698656869999E-003 -7.38214039904920016E-002 -6.97164553027790068E-002 -7.42058295132669993E-002 -7.38214039904920016E-002  6.97164553027790068E-002 -7.42058295132669993E-002  1.08825339709989997E-002  5.39594106568699970E-003  1.48248768966800001E-002  1.08825339709989997E-002 -5.39594106568699970E-003  1.48248768966800001E-002
 -5.98882474841579970E-002   0.0000000000000000      -1.50705295412180001E-002 -4.33879396321429980E-002 -1.97415902684500001E-018  1.09397301552049998E-002  0.14073242019647000       6.50589879588710018E-018 -3.26623201476900007E-002  0.49894994439892998       3.38704950696930009E-017  5.41841642336369986E-002 -3.40274613643219981E-002  1.50529248440709994E-002  3.37898133240090021E-002 -3.40274613643219981E-002 -1.50529248440709994E-002  3.37898133240090021E-002 -6.79033491553600044E-002  5.03827599343069973E-003  4.20507506679630022E-002 -6.79033491553600044E-002 -5.03827599343069973E-003  4.20507506679630022E-002 -1.64538117548890007E-002 -7.02067799329400034E-003 -4.40791896047740012E-003 -1.64538117548890007E-002  7.02067799329400034E-003 -4.40791896047740012E-003 -0.14981846646498001      -0.12062546679449000      -8.01281673814630002E-002 -0.14981846646498001       0.12062546679449000      -8.01281673814630002E-002
   0.0000000000000000       8.27442302697480037E-003   0.0000000000000000      -3.04188078460959986E-018 -6.04316171919710016E-002  2.14676612655520016E-018  6.72274230898399987E-018 -7.15569687175599961E-002 -1.24697921576129996E-017  3.38704950696930009E-017  0.49990806319600001       3.47458036078339973E-017 -1.95692880108659997E-002 -3.28052358099780034E-002  1.13549053336659996E-002  1.95692880108659997E-002 -3.28052358099780034E-002 -1.13549053336659996E-002  3.19299408516059979E-002 -5.13565638050529974E-002 -5.01451483887219995E-002 -3.19299408516059979E-002 -5.13565638050529974E-002  5.01451483887219995E-002  1.18201382038370002E-002  3.21225479071080011E-002  1.28241598011960001E-002 -1.18201382038370002E-002  3.21225479071080011E-002 -1.28241598011960001E-002 -0.11006890937450001      -0.13605769844880000      -6.10859574848170023E-002  0.11006890937450001      -0.13605769844880000       6.10859574848170023E-002
  6.69694437366289991E-003   0.0000000000000000      -5.58565622280109975E-002 -7.88033783086479998E-003  8.81033976984780035E-019  2.20218494671929992E-002 -3.26625998134500023E-002 -1.26866564782930001E-017 -0.17281480120480999       5.41841642336369986E-002  3.47458036078339973E-017  0.51057551496683995      -1.30209753576299991E-002  3.83980074258600005E-003 -1.59995952943230011E-004 -1.30209753576299991E-002 -3.83980074258600005E-003 -1.59995952943230011E-004  6.68854429492929947E-002 -1.06912632547659994E-002 -9.31942988868439959E-002  6.68854429492929947E-002  1.06912632547659994E-002 -9.31942988868439959E-002  1.04875338753979992E-002  5.30412384796699957E-003  1.47604088203189994E-002  1.04875338753979992E-002 -5.30412384796699957E-003  1.47604088203189994E-002 -7.45210869485530003E-002 -7.03936518247759990E-002 -7.33691144811410012E-002 -7.45210869485530003E-002  7.03936518247759990E-002 -7.33691144811410012E-002
  2.32835798864040010E-003 -5.19192872156730000E-003  3.50074444223729981E-003 -1.57529259061159992E-002 -9.66964265597720050E-003  7.55219092682550032E-003 -6.95385767775970054E-002  3.00887017184660009E-002  6.65786164507549960E-002 -3.40274613643219981E-002 -1.95692880108659997E-002 -1.30209753576299991E-002  0.17655114927825000       2.87797463561450008E-002 -8.28298288828639984E-002 -1.69496445064679993E-002 -5.45026920529030016E-003  2.02870523723909990E-003 -4.33898834099260000E-002 -2.57706891276060016E-002  1.19375409638430002E-002  6.00389791098759982E-003  4.46017914643540014E-003 -6.89394510036419965E-004  9.02526514830019957E-003 -1.12297792884140011E-003  7.49242433009429968E-004 -1.68647870850980007E-002  3.59145966161729998E-003  1.90913700533790003E-003 -3.43908505796869986E-003 -1.27763240641340001E-003  6.06724506962360004E-004  6.05369378132150030E-003  1.13234117389850002E-003  1.67729678432189996E-003
 -8.96597786542630026E-004  8.39830663453700055E-003 -3.27402234702870018E-003 -1.74057438643530002E-002 -1.54173634834599994E-002  1.08483658806869995E-002  5.52505132644129978E-003 -5.50439533276999987E-002 -1.13165646389340006E-002  1.50529248440709994E-002 -3.28052358099780034E-002  3.83980074258600005E-003  2.87797463561450008E-002  0.14931622837586001       3.27767607923300022E-002  5.45026920529030016E-003  1.47621159387980004E-002 -1.62686624338819995E-002 -2.62414835538580006E-002 -6.08066401566490031E-003  1.22781163256180000E-002 -4.12783152377470004E-003  4.36494529658579961E-003 -8.40144967701899974E-004  2.96786645850150022E-003 -7.87069827186409957E-003 -1.08418429723029994E-002  9.13625455021160014E-003 -8.37541834425119952E-003 -7.55887890437639993E-003 -1.87970831671259997E-002 -1.41054578940799993E-002 -8.50158644853710004E-003  5.56627154994780000E-004 -3.71428050987809982E-002 -1.14134102845869995E-003
 -7.81997377129599997E-004  6.89245636857789990E-003  1.54744893716190005E-003  4.53271431295709966E-003  6.12075699978950009E-003 -1.02985802877290002E-002  4.18238972438490023E-002 -5.29657628295159971E-002 -9.11904437643550059E-002  3.37898133240090021E-002  1.13549053336659996E-002 -1.59995952943230011E-004 -8.28298288828639984E-002  3.27767607923300022E-002  0.19602890237098000       2.02870523723909990E-003  1.62686624338819995E-002 -4.46309442520139987E-002  1.13339446341670005E-002  1.22575287339759999E-002  5.34593448348519990E-003  3.36742076278250002E-004  1.12222686507190000E-003 -3.50270255000069974E-002 -4.02590653110680013E-003 -1.18557929999800003E-002 -2.60544083080639990E-002  1.02699250785790001E-002 -7.49667822153420038E-003  9.83852233698170008E-003 -1.62650386441270008E-002 -9.55098801472420086E-003 -9.37779510970799916E-003 -2.12970471851139990E-004 -4.92407546154109959E-003  3.97838504620760033E-003
  2.32835798864040010E-003  5.19192872156730000E-003  3.50074444223729981E-003 -1.57529259061159992E-002  9.66964265597720050E-003  7.55219092682550032E-003 -6.95385767775970054E-002 -3.00887017184660009E-002  6.65786164507549960E-002 -3.40274613643219981E-002  1.95692880108659997E-002 -1.30209753576299991E-002 -1.69496445064679993E-002  5.45026920529030016E-003  2.02870523723909990E-003  0.17655114927825000      -2.87797463561450008E-002 -8.28298288828639984E-002  6.00389791098759982E-003 -4.46017914643540014E-003 -6.89394510036419965E-004 -4.33898834099260000E-002  2.57706891276060016E-002  1.19375409638430002E-002 -1.68647870850980007E-002 -3.59145966161729998E-003  1.90913700533790003E-003  9.02526514830019957E-003  1.12297792884140011E-003  7.49242433009429968E-004  6.05369378132150030E-003 -1.13234117389850002E-003  1.67729678432189996E-003 -3.43908505796869986E-003  1.27763240641340001E-003  6.06724506962360004E-004
  8.96597786542649975E-004  8.39830663453700055E-003  3.27402234702870018E-003  1.74057438643530002E-002 -1.54173634834599994E-002 -1.08483658806869995E-002 -5.52505132644129978E-003 -5.50439533276999987E-002  1.13165646389340006E-002 -1.50529248440709994E-002 -3.28052358099780034E-002 -3.83980074258600005E-003 -5.45026920529030016E-003  1.47621159387980004E-002  1.62686624338819995E-002 -2.87797463561450008E-002  0.14931622837586001      -3.27767607923300022E-002  4.12783152377470004E-003  4.36494529658579961E-003  8.40144967701899974E-004  2.62414835538580006E-002 -6.08066401566490031E-003 -1.22781163256180000E-002 -9.13625455021160014E-003 -8.37541834425119952E-003  7.55887890437639993E-003 -2.96786645850150022E-003 -7.87069827186409957E-003  1.08418429723029994E-002 -5.56627154994780000E-004 -3.71428050987809982E-002  1.14134102845869995E-003  1.87970831671259997E-002 -1.41054578940799993E-002  8.50158644853710004E-003
 -7.81997377129599997E-004 -6.89245636857789990E-003  1.54744893716190005E-003  4.53271431295709966E-003 -6.12075699978950009E-003 -1.02985802877290002E-002  4.18238972438490023E-002  5.29657628295159971E-002 -9.11904437643550059E-002  3.37898133240090021E-002 -1.13549053336659996E-002 -1.59995952943230011E-004  2.02870523723909990E-003 -1.62686624338819995E-002 -4.46309442520139987E-002 -8.28298288828639984E-002 -3.27767607923300022E-002  0.19602890237098000       3.36742076278250002E-004 -1.12222686507199997E-003 -3.50270255000069974E-002  1.13339446341670005E-002 -1.22575287339759999E-002  5.34593448348519990E-003  1.02699250785790001E-002  7.49667822153420038E-003  9.83852233698170008E-003 -4.02590653110680013E-003  1.18557929999800003E-002 -2.60544083080639990E-002 -2.12970471851139990E-004  4.92407546154109959E-003  3.97838504620760033E-003 -1.62650386441270008E-002  9.55098801472420086E-003 -9.37779510970799916E-003
 -1.54414373216280008E-002 -8.79060889688190045E-003  6.61867497110299983E-003  6.05970902612210007E-003 -4.58713877148449970E-003  3.11106999227020019E-003 -3.37506648841029988E-002 -2.14003925628270010E-002 -1.31595375978539996E-002 -6.79033491553600044E-002  3.19299408516059979E-002  6.68854429492929947E-002 -4.33898834099260000E-002 -2.62414835538580006E-002  1.13339446341670005E-002  6.00389791098759982E-003  4.12783152377470004E-003  3.36742076278250002E-004  0.17110987044885001       2.78752959144759997E-002 -8.16830109158210027E-002 -1.71814278995430017E-002 -5.27520612784349984E-003  1.41882960662199995E-003 -3.54932268925809997E-003 -1.36229816226009996E-003  5.29953241048770001E-005  6.23495269904770014E-003  1.04707263339069994E-003  2.27140356949590005E-003  9.12410698198179958E-003 -1.15759212417259998E-003  1.20653451594109995E-003 -1.73164517071690005E-002  3.83457927608010004E-003  1.60691087439989995E-003
 -1.68128147255919985E-002 -1.86221112833239999E-002  9.49377431828279938E-003 -8.75983082509469951E-004  1.22255616844400006E-002 -2.73463640117669986E-003  1.54671876202070006E-002 -3.29743100337320030E-002  4.03287069052670009E-003  5.03827599343069973E-003 -5.13565638050529974E-002 -1.06912632547659994E-002 -2.57706891276060016E-002 -6.08066401566490031E-003  1.22575287339759999E-002 -4.46017914643540014E-003  4.36494529658579961E-003 -1.12222686507199997E-003  2.78752959144759997E-002  0.14385360726256000       3.39839482110219984E-002  5.27520612784349984E-003  1.54194711210549999E-002 -1.71435533142190004E-002 -1.81182027030350017E-002 -1.34760352218010002E-002 -8.43204422668369924E-003  2.40462362126720011E-004 -3.68033112112950006E-002 -1.07753200340879990E-003  2.98215356570309979E-003 -8.03038115779350012E-003 -1.01814382510180008E-002  9.15928720139119919E-003 -8.52020863597370039E-003 -8.38542763746319940E-003
  4.74281042933509967E-003  2.75408071991089989E-003 -1.42783538787839993E-002 -6.26787335882269983E-004  3.98264011717100030E-003  1.94099848860149996E-003  3.25905933649480034E-002  9.90828473162939927E-003 -1.82199698656869999E-003  4.20507506679630022E-002 -5.01451483887219995E-002 -9.31942988868439959E-002  1.19375409638430002E-002  1.22781163256180000E-002  5.34593448348519990E-003 -6.89394510036419965E-004  8.40144967701899974E-004 -3.50270255000069974E-002 -8.16830109158210027E-002  3.39839482110219984E-002  0.20387869193177999       1.41882960662199995E-003  1.71435533142190004E-002 -4.56098413972809980E-002 -1.47601361497379999E-002 -8.82332871705560073E-003 -8.68854704174449981E-003 -9.82548197819180062E-004 -3.90468616584149992E-003  3.36692222314759985E-003 -3.32830271893580021E-003 -1.12291024544030008E-002 -2.44626310700610007E-002  9.32965479552110011E-003 -6.78850266124979979E-003  8.55014763427999931E-003
 -1.54414373216280008E-002  8.79060889688190045E-003  6.61867497110299983E-003  6.05970902612210007E-003  4.58713877148449970E-003  3.11106999227020019E-003 -3.37506648841029988E-002  2.14003925628270010E-002 -1.31595375978539996E-002 -6.79033491553600044E-002 -3.19299408516059979E-002  6.68854429492929947E-002  6.00389791098759982E-003 -4.12783152377470004E-003  3.36742076278250002E-004 -4.33898834099260000E-002  2.62414835538580006E-002  1.13339446341670005E-002 -1.71814278995430017E-002  5.27520612784349984E-003  1.41882960662199995E-003  0.17110987044885001      -2.78752959144759997E-002 -8.16830109158210027E-002  6.23495269904770014E-003 -1.04707263339069994E-003  2.27140356949590005E-003 -3.54932268925809997E-003  1.36229816226009996E-003  5.29953241048770001E-005 -1.73164517071690005E-002 -3.83457927608010004E-003  1.60691087439989995E-003  9.12410698198179958E-003  1.15759212417259998E-003  1.20653451594109995E-003
  1.68128147255919985E-002 -1.86221112833239999E-002 -9.49377431828279938E-003  8.75983082509469951E-004  1.22255616844400006E-002  2.73463640117669986E-003 -1.54671876202070006E-002 -3.29743100337320030E-002 -4.03287069052670009E-003 -5.03827599343069973E-003 -5.13565638050529974E-002  1.06912632547659994E-002  4.46017914643540014E-003  4.36494529658579961E-003  1.12222686507190000E-003  2.57706891276060016E-002 -6.08066401566490031E-003 -1.22575287339759999E-002 -5.27520612784349984E-003  1.54194711210549999E-002  1.71435533142190004E-002 -2.78752959144759997E-002  0.14385360726256000      -3.39839482110219984E-002 -2.40462362126720011E-004 -3.68033112112950006E-002  1.07753200340879990E-003  1.81182027030350017E-002 -1.34760352218010002E-002  8.43204422668369924E-003 -9.15928720139119919E-003 -8.52020863597370039E-003  8.38542763746319940E-003 -2.98215356570309979E-003 -8.03038115779350012E-003  1.01814382510180008E-002
  4.74281042933509967E-003 -2.75408071991089989E-003 -1.42783538787839993E-002 -6.26787335882269983E-004 -3.98264011717100030E-003  1.94099848860149996E-003  3.25905933649480034E-002 -9.90828473162939927E-003 -1.82199698656869999E-003  4.20507506679630022E-002  5.01451483887219995E-002 -9.31942988868439959E-002 -6.89394510036419965E-004 -8.40144967701899974E-004 -3.50270255000069974E-002  1.19375409638430002E-002 -1.22781163256180000E-002  5.34593448348519990E-003  1.41882960662199995E-003 -1.71435533142190004E-002 -4.56098413972809980E-002 -8.16830109158210027E-002 -3.39839482110219984E-002  0.20387869193177999      -9.82548197819180062E-004  3.90468616584149992E-003  3.36692222314759985E-003 -1.47601361497379999E-002  8.82332871705560073E-003 -8.68854704174449981E-003  9.32965479552110011E-003  6.78850266124979979E-003  8.55014763427999931E-003 -3.32830271893580021E-003  1.12291024544030008E-002 -2.44626310700610007E-002
  1.54160365524450005E-003  6.70195547652649957E-003 -4.08983466681119966E-003  2.61836545560299987E-003 -1.03800605205409992E-003  1.78588341321819994E-003 -0.15135079490577000      -0.11137686419221000      -7.38214039904920016E-002 -1.64538117548890007E-002  1.18201382038370002E-002  1.04875338753979992E-002  9.02526514830019957E-003  2.96786645850150022E-003 -4.02590653110680013E-003 -1.68647870850980007E-002 -9.13625455021160014E-003  1.02699250785790001E-002 -3.54932268925809997E-003 -1.81182027030350017E-002 -1.47601361497379999E-002  6.23495269904770014E-003 -2.40462362126720011E-004 -9.82548197819180062E-004  0.21024661696093999       0.12423679444473000       8.02829743748099955E-002 -3.46251287976939992E-002  6.03678471269919990E-003 -3.08571466060029997E-003 -1.20510838462440008E-002 -6.26980055767680042E-003 -4.17468680107420040E-003  5.22812515981860033E-003 -5.58394887898349974E-003  2.11391425563630005E-003
  5.66692276068599989E-003 -3.40324889263279992E-003 -1.59310593644739992E-003  1.03531250882879997E-002 -1.11082500160549994E-002  1.14841969846819995E-002 -0.11940805475629999      -0.13996597015458001      -6.97164553027790068E-002 -7.02067799329400034E-003  3.21225479071080011E-002  5.30412384796699957E-003 -1.12297792884140011E-003 -7.87069827186409957E-003 -1.18557929999800003E-002 -3.59145966161729998E-003 -8.37541834425119952E-003  7.49667822153420038E-003 -1.36229816226009996E-003 -1.34760352218010002E-002 -8.82332871705560073E-003 -1.04707263339069994E-003 -3.68033112112950006E-002  3.90468616584149992E-003  0.12423679444473000       0.19022125247367999       6.69554812059399984E-002 -6.03678471269919990E-003  1.91306449286929997E-002  1.25937363710100004E-003 -6.31979553810959986E-003 -9.29462709717309918E-003 -8.74963938673530006E-003  5.65227909280090028E-003 -1.11768860998309998E-002  4.33378227993099982E-003
  7.50821705785880041E-003  9.31678847854340055E-003 -1.09909881562680004E-002 -3.28254551333229984E-003  3.10590316178350001E-005 -5.97774089473759960E-003 -7.98579094003619983E-002 -6.32611484684160036E-002 -7.42058295132669993E-002 -4.40791896047740012E-003  1.28241598011960001E-002  1.47604088203189994E-002  7.49242433009429968E-004 -1.08418429723029994E-002 -2.60544083080639990E-002  1.90913700533790003E-003  7.55887890437639993E-003  9.83852233698170008E-003  5.29953241048770001E-005 -8.43204422668369924E-003 -8.68854704174449981E-003  2.27140356949590005E-003  1.07753200340879990E-003  3.36692222314759985E-003  8.02829743748099955E-002  6.69554812059399984E-002  0.12633398750347999      -3.08571466060029997E-003 -1.25937363710100004E-003 -6.86002634283099967E-003 -4.68104821733180028E-003 -9.19225914086099945E-003 -3.26384564732140007E-003  2.54116698748729991E-003 -4.77723097971750020E-003 -1.82584549796920015E-002
  1.54160365524450005E-003 -6.70195547652649957E-003 -4.08983466681119966E-003  2.61836545560299987E-003  1.03800605205409992E-003  1.78588341321819994E-003 -0.15135079490577000       0.11137686419221000      -7.38214039904920016E-002 -1.64538117548890007E-002 -1.18201382038370002E-002  1.04875338753979992E-002 -1.68647870850980007E-002  9.13625455021160014E-003  1.02699250785790001E-002  9.02526514830019957E-003 -2.96786645850150022E-003 -4.02590653110680013E-003  6.23495269904770014E-003  2.40462362126720011E-004 -9.82548197819180062E-004 -3.54932268925809997E-003  1.81182027030350017E-002 -1.47601361497379999E-002 -3.46251287976939992E-002 -6.03678471269919990E-003 -3.08571466060029997E-003  0.21024661696093999      -0.12423679444473000       8.02829743748099955E-002  5.22812515981860033E-003  5.58394887898349974E-003  2.11391425563630005E-003 -1.20510838462440008E-002  6.26980055767680042E-003 -4.17468680107420040E-003
 -5.66692276068599989E-003 -3.40324889263279992E-003  1.59310593644739992E-003 -1.03531250882879997E-002 -1.11082500160549994E-002 -1.14841969846819995E-002  0.11940805475629999      -0.13996597015458001       6.97164553027790068E-002  7.02067799329400034E-003  3.21225479071080011E-002 -5.30412384796699957E-003  3.59145966161729998E-003 -8.37541834425119952E-003 -7.49667822153420038E-003  1.12297792884140011E-003 -7.87069827186409957E-003  1.18557929999800003E-002  1.04707263339069994E-003 -3.68033112112950006E-002 -3.90468616584149992E-003  1.36229816226009996E-003 -1.34760352218010002E-002  8.82332871705560073E-003  6.03678471269919990E-003  1.91306449286929997E-002 -1.25937363710100004E-003 -0.12423679444473000       0.19022125247367999      -6.69554812059399984E-002 -5.65227909280090028E-003 -1.11768860998309998E-002 -4.33378227993099982E-003  6.31979553810959986E-003 -9.29462709717309918E-003  8.74963938673530006E-003
  7.50821705785880041E-003 -9.31678847854340055E-003 -1.09909881562680004E-002 -3.28254551333229984E-003 -3.10590316178360030E-005 -5.97774089473759960E-003 -7.98579094003619983E-002  6.32611484684160036E-002 -7.42058295132669993E-002 -4.40791896047740012E-003 -1.28241598011960001E-002  1.47604088203189994E-002  1.90913700533790003E-003 -7.55887890437639993E-003  9.83852233698170008E-003  7.49242433009429968E-004  1.08418429723029994E-002 -2.60544083080639990E-002  2.27140356949590005E-003 -1.07753200340879990E-003  3.36692222314759985E-003  5.29953241048770001E-005  8.43204422668369924E-003 -8.68854704174449981E-003 -3.08571466060029997E-003  1.25937363710100004E-003 -6.86002634283099967E-003  8.02829743748099955E-002 -6.69554812059399984E-002  0.12633398750347999       2.54116698748729991E-003  4.77723097971750020E-003 -1.82584549796920015E-002 -4.68104821733180028E-003  9.19225914086099945E-003 -3.26384564732140007E-003
  3.29121933874500011E-003 -1.68634451895620006E-003  2.82036462507649979E-003  4.52137708843909983E-003  6.26925936093010016E-003 -4.21415195534130017E-003 -1.69071565558949997E-002  1.01317362549649993E-002  1.08825339709989997E-002 -0.14981846646498001      -0.11006890937450001      -7.45210869485530003E-002 -3.43908505796869986E-003 -1.87970831671259997E-002 -1.62650386441270008E-002  6.05369378132150030E-003 -5.56627154994780000E-004 -2.12970471851139990E-004  9.12410698198179958E-003  2.98215356570309979E-003 -3.32830271893580021E-003 -1.73164517071690005E-002 -9.15928720139119919E-003  9.32965479552110011E-003 -1.20510838462440008E-002 -6.31979553810959986E-003 -4.68104821733180028E-003  5.22812515981860033E-003 -5.65227909280090028E-003  2.54116698748729991E-003  0.20680714962589999       0.12643480565185999       8.13742829533290052E-002 -3.54934283439549969E-002  6.42237121442180026E-003 -3.72540437627359982E-003
  1.05549115729719999E-002 -1.18180959538049992E-002  1.12575839072899999E-002  5.24860337522680027E-003  4.26110950178319975E-004 -2.10409777585190017E-003 -7.10248593189110027E-003  3.02649154922290005E-002  5.39594106568699970E-003 -0.12062546679449000      -0.13605769844880000      -7.03936518247759990E-002 -1.27763240641340001E-003 -1.41054578940799993E-002 -9.55098801472420086E-003 -1.13234117389850002E-003 -3.71428050987809982E-002  4.92407546154109959E-003 -1.15759212417259998E-003 -8.03038115779350012E-003 -1.12291024544030008E-002 -3.83457927608010004E-003 -8.52020863597370039E-003  6.78850266124979979E-003 -6.26980055767680042E-003 -9.29462709717309918E-003 -9.19225914086099945E-003  5.58394887898349974E-003 -1.11768860998309998E-002  4.77723097971750020E-003  0.12643480565185999       0.18580519824274999       6.86030430576009959E-002 -6.42237121442180026E-003  1.96499357010780015E-002  7.23722077530129988E-004
 -2.82877698024519997E-003 -2.74695684053230006E-003 -5.56691735885250002E-003  6.71635766330710027E-003  6.51824958560319988E-003 -1.01904064873450002E-002 -4.44498601484229986E-003  1.16750214599740006E-002  1.48248768966800001E-002 -8.01281673814630002E-002 -6.10859574848170023E-002 -7.33691144811410012E-002  6.06724506962360004E-004 -8.50158644853710004E-003 -9.37779510970799916E-003  1.67729678432189996E-003  1.14134102845869995E-003  3.97838504620760033E-003  1.20653451594109995E-003 -1.01814382510180008E-002 -2.44626310700610007E-002  1.60691087439989995E-003  8.38542763746319940E-003  8.55014763427999931E-003 -4.17468680107420040E-003 -8.74963938673530006E-003 -3.26384564732140007E-003  2.11391425563630005E-003 -4.33378227993099982E-003 -1.82584549796920015E-002  8.13742829533290052E-002  6.86030430576009959E-002  0.12482395838833001      -3.72540437627359982E-003 -7.23722077530129988E-004 -7.68820283137199977E-003
  3.29121933874500011E-003  1.68634451895620006E-003  2.82036462507649979E-003  4.52137708843909983E-003 -6.26925936093000041E-003 -4.21415195534130017E-003 -1.69071565558949997E-002 -1.01317362549649993E-002  1.08825339709989997E-002 -0.14981846646498001       0.11006890937450001      -7.45210869485530003E-002  6.05369378132150030E-003  5.56627154994780000E-004 -2.12970471851139990E-004 -3.43908505796869986E-003  1.87970831671259997E-002 -1.62650386441270008E-002 -1.73164517071690005E-002  9.15928720139119919E-003  9.32965479552110011E-003  9.12410698198179958E-003 -2.98215356570309979E-003 -3.32830271893580021E-003  5.22812515981860033E-003  5.65227909280090028E-003  2.54116698748729991E-003 -1.20510838462440008E-002  6.31979553810959986E-003 -4.68104821733180028E-003 -3.54934283439549969E-002 -6.42237121442180026E-003 -3.72540437627359982E-003  0.20680714962589999      -0.12643480565185999       8.13742829533290052E-002
 -1.05549115729719999E-002 -1.18180959538049992E-002 -1.12575839072899999E-002 -5.24860337522680027E-003  4.26110950178319975E-004  2.10409777585190017E-003  7.10248593189110027E-003  3.02649154922290005E-002 -5.39594106568699970E-003  0.12062546679449000      -0.13605769844880000       7.03936518247759990E-002  1.13234117389850002E-003 -3.71428050987809982E-002 -4.92407546154109959E-003  1.27763240641340001E-003 -1.41054578940799993E-002  9.55098801472420086E-003  3.83457927608010004E-003 -8.52020863597370039E-003 -6.78850266124979979E-003  1.15759212417259998E-003 -8.03038115779350012E-003  1.12291024544030008E-002 -5.58394887898349974E-003 -1.11768860998309998E-002 -4.77723097971750020E-003  6.26980055767680042E-003 -9.29462709717309918E-003  9.19225914086099945E-003  6.42237121442180026E-003  1.96499357010780015E-002 -7.23722077530129988E-004 -0.12643480565185999       0.18580519824274999      -6.86030430576009959E-002
 -2.82877698024509979E-003  2.74695684053230006E-003 -5.56691735885250002E-003  6.71635766330710027E-003 -6.51824958560319988E-003 -1.01904064873450002E-002 -4.44498601484229986E-003 -1.16750214599740006E-002  1.48248768966800001E-002 -8.01281673814630002E-002  6.10859574848170023E-002 -7.33691144811410012E-002  1.67729678432189996E-003 -1.14134102845869995E-003  3.97838504620760033E-003  6.06724506962360004E-004  8.50158644853710004E-003 -9.37779510970799916E-003  1.60691087439989995E-003 -8.38542763746319940E-003  8.55014763427999931E-003  1.20653451594109995E-003  1.01814382510180008E-002 -2.44626310700610007E-002  2.11391425563630005E-003  4.33378227993099982E-003 -1.82584549796920015E-002 -4.17468680107420040E-003  8.74963938673530006E-003 -3.26384564732140007E-003 -3.72540437627359982E-003  7.23722077530129988E-004 -7.68820283137199977E-003  8.13742829533290052E-002 -6.86030430576009959E-002  0.12482395838833001     
           0
           0
